1 0 0.399397 0.404149 0.48595 0.703909
1 1 0.558752 0.106093 0.918184 0.349849
1 2 0.370077 0.160208 0.453054 0.468603
1 3 0.131014 0.507157 0.742789 0.735528
1 4 0.264362 0.406124 0.880099 0.475767
1 5 0.0724817 0.540481 0.422037 0.545207
1 6 0.0887027 0.329571 0.0920689 0.495435
1 7 0.158469 0.432831 0.288952 0.88924
1 8 0.20467 0.493754 0.350083 0.651341
1 9 0.219045 0.0220734 0.462107 0.452862
1 10 0.229266 0.271624 0.314429 0.528927
1 11 0.376061 0.608456 0.762752 0.612687
1 12 0.137816 0.667101 0.617355 0.670237
1 13 0.214304 0.682402 0.471839 0.697799
1 14 0.313076 0.443315 0.667261 0.446659
1 15 0.0203939 0.843696 0.487738 0.863619
1 16 0.296143 0.0582492 0.467862 0.167332
1 17 0.681765 0.0173005 0.941782 0.359811
1 18 0.135777 0.018939 0.831123 0.430037
1 19 0.0555183 0.0369201 0.128888 0.923681
1 20 0.444158 0.210504 0.950261 0.84857
1 21 0.0713889 0.0123815 0.236167 0.41406
1 22 0.0928056 0.946232 0.334658 0.985364
1 23 0.146088 0.0872037 0.181951 0.151382
1 24 0.595134 0.714819 0.91969 0.785535
1 25 0.169957 0.404347 0.399099 0.571564
1 26 0.133401 0.344332 0.239434 0.574847
1 27 0.441993 0.113097 0.54889 0.95235
1 28 0.326498 0.0352421 0.460426 0.273548
1 29 0.579224 0.379034 0.831955 0.820286
1 30 0.190572 0.520523 0.830402 0.807142
1 31 0.0376213 0.215369 0.344099 0.581213
1 32 0.0599566 0.422393 0.954265 0.830888
1 33 0.311142 0.726779 0.950511 0.747782
1 34 0.112399 0.192448 0.669403 0.327355
1 35 0.751304 0.0642178 0.793636 0.846199
1 36 0.0227535 0.255438 0.711066 0.975181
1 37 0.141855 0.0498331 0.937916 0.652272
1 38 0.47214 0.147016 0.517052 0.401811
1 39 0.610924 0.103492 0.849321 0.775447
1 40 0.362037 0.181703 0.822283 0.884411
1 41 0.235254 0.635789 0.340526 0.9297
1 42 0.126251 0.51387 0.636725 0.746292
1 43 0.403327 0.220526 0.667856 0.748014
1 44 0.032799 0.34982 0.249833 0.623214
1 45 0.620681 0.370065 0.679834 0.965321
1 46 0.434994 0.711905 0.448766 0.765829
1 47 0.0287352 0.030528 0.221597 0.792178
1 48 0.119373 0.498821 0.623127 0.648589
1 49 0.335881 0.0564434 0.527203 0.262379
1 50 0.171864 0.317842 0.891509 0.683582
1 51 0.468221 0.178521 0.740716 0.99962
1 52 0.376744 0.0992931 0.590836 0.375501
1 53 0.300227 0.154816 0.734187 0.400274
1 54 0.162669 0.305929 0.331089 0.336329
1 55 0.0208991 0.0659175 0.337923 0.499958
1 56 0.416084 0.227602 0.435764 0.597905
1 57 0.0622961 0.904056 0.932182 0.955878
1 58 0.305064 0.136325 0.752056 0.885534
1 59 0.539442 0.392818 0.59494 0.956092
1 60 0.214375 0.95139 0.905808 0.963564
1 61 0.133537 0.2536 0.347466 0.565963
1 62 0.513751 0.586512 0.566388 0.776256
1 63 0.186683 0.349741 0.595786 0.598247
1 64 0.474808 0.0125017 0.867109 0.193068
1 65 0.143962 0.904939 0.953534 0.931119
1 66 0.196985 0.0572586 0.818074 0.938888
1 67 0.684232 0.124177 0.943763 0.482849
1 68 0.483536 0.123736 0.766639 0.703206
1 69 0.709877 0.0158828 0.828488 0.809838
1 70 0.299344 0.116602 0.631138 0.696871
1 71 0.078855 0.00724492 0.744186 0.542543
1 72 0.62788 0.445838 0.871928 0.54486
1 73 0.41529 0.829645 0.57369 0.842318
1 74 0.236737 0.0711646 0.957908 0.317585
1 75 0.505005 0.32727 0.582305 0.552085
1 76 0.0385086 0.0611305 0.458237 0.815566
1 77 0.558033 0.282895 0.900436 0.751354
1 78 0.364876 0.451549 0.86917 0.546273
1 79 0.614707 0.0901587 0.83302 0.981792
1 80 0.17353 0.5102 0.258031 0.956895
1 81 0.48423 0.0748276 0.818836 0.53987
1 82 0.00664791 0.286757 0.743518 0.974587
1 83 0.669611 0.07801 0.815372 0.33869
1 84 0.349991 0.596832 0.800091 0.708032
1 85 0.848006 0.233066 0.849816 0.250813
1 86 0.455751 0.643396 0.821403 0.994575
1 87 0.467299 0.0388392 0.62757 0.214024
1 88 0.347628 0.806017 0.646221 0.847276
1 89 0.0255522 0.138856 0.288939 0.428526
1 90 0.52629 0.650454 0.936979 0.84387
1 91 0.529929 0.101307 0.742246 0.254815
1 92 0.572006 0.216852 0.671222 0.816212
1 93 0.121869 0.202708 0.841548 0.692007
1 94 0.463197 0.23294 0.495671 0.745372
1 95 0.0337464 0.139476 0.89125 0.186001
1 96 0.115554 0.0642885 0.180448 0.549164
1 97 0.49237 0.755002 0.964835 0.95708
1 98 0.552902 0.669797 0.740904 0.752554
1 99 0.0658259 0.554529 0.161418 0.767788
1 100 0.451252 0.646658 0.762998 0.787554
1 101 0.461619 0.271852 0.992399 0.788784
1 102 0.692708 0.741804 0.934287 0.761255
1 103 0.71266 0.318224 0.804515 0.694993
1 104 0.795559 0.444463 0.976763 0.490253
1 105 0.244489 0.13798 0.293811 0.783748
1 106 0.271526 0.243206 0.479465 0.640775
1 107 0.323121 0.190937 0.926634 0.877117
1 108 0.801882 0.214888 0.836844 0.552018
1 109 0.405531 0.123942 0.891202 0.406806
1 110 0.613094 0.0511648 0.621299 0.51674
1 111 0.486078 0.394857 0.524593 0.670098
1 112 0.173184 0.117477 0.65155 0.251149
1 113 0.67181 0.971943 0.975442 0.989162
1 114 0.348074 0.80629 0.736788 0.879057
1 115 0.367211 0.507892 0.732585 0.645797
1 116 0.234605 0.293124 0.797931 0.980755
1 117 0.471521 0.246191 0.707398 0.333715
1 118 0.845771 0.955808 0.969828 0.989929
1 119 0.299547 0.558986 0.39238 0.770055
1 120 0.465015 0.00265648 0.570715 0.633949
1 121 0.349063 0.178678 0.411411 0.298229
1 122 0.636389 0.0227749 0.661672 0.455132
1 123 0.310361 0.235498 0.772247 0.430224
1 124 0.0973953 0.334377 0.62758 0.610131
1 125 0.458038 0.551279 0.717347 0.917015
1 126 0.400657 0.408939 0.883104 0.877471
1 127 0.212183 0.390703 0.814663 0.975706
1 128 0.248987 0.577534 0.702646 0.821973
1 129 0.185595 0.806422 0.855587 0.970426
1 130 0.0827094 0.116902 0.895222 0.93335
1 131 0.202829 0.443985 0.475705 0.53045
1 132 0.235173 0.246391 0.566996 0.694999
1 133 0.82 0.288183 0.950923 0.701891
1 134 0.161579 0.638751 0.386312 0.851842
1 135 0.035004 0.135555 0.103394 0.467179
1 136 0.0574814 0.00342362 0.378698 0.387784
1 137 0.842585 0.421166 0.991987 0.976673
1 138 0.122913 0.419104 0.826004 0.614875
1 139 0.384286 0.680189 0.733986 0.850386
1 140 0.557723 0.741782 0.563086 0.949198
1 141 0.0251544 0.0170009 0.0529767 0.294092
1 142 0.177654 0.402537 0.77277 0.595131
1 143 0.771976 0.0488712 0.957548 0.970782
1 144 0.637012 0.162017 0.957392 0.554272
1 145 0.656228 0.678651 0.702083 0.784577
1 146 0.211369 0.239081 0.533915 0.784539
1 147 0.409428 0.203234 0.494013 0.497881
1 148 0.161043 0.790753 0.231155 0.847539
1 149 0.618824 0.270148 0.631747 0.825499
1 150 0.145695 0.442984 0.879391 0.544712
1 151 0.662773 0.421929 0.788598 0.963126
1 152 0.291701 0.0077343 0.975141 0.304026
1 153 0.186416 0.91142 0.901923 0.917676
1 154 0.932483 0.461607 0.971664 0.649039
1 155 0.53809 0.0174823 0.734378 0.626587
1 156 0.436571 0.768031 0.900036 0.897625
1 157 0.509706 0.136067 0.581512 0.786256
1 158 0.03029 0.0308041 0.544802 0.466639
1 159 0.286585 0.160152 0.430233 0.862271
1 160 0.385705 0.579858 0.708339 0.992997
1 161 0.128539 0.345965 0.711451 0.673666
1 162 0.175146 0.154446 0.903669 0.677074
1 163 0.228953 0.0235527 0.382826 0.198821
1 164 0.269113 0.224889 0.638834 0.950658
1 165 0.313924 0.228751 0.542319 0.760136
1 166 0.186093 0.459366 0.885539 0.991111
1 167 0.231792 0.00166609 0.727546 0.117586
1 168 0.244719 0.49553 0.906681 0.647358
1 169 0.710743 0.301129 0.833672 0.650414
1 170 0.436052 0.119101 0.536388 0.410722
1 171 0.148165 0.0537295 0.664141 0.903093
1 172 0.191691 0.0850536 0.39706 0.752418
1 173 0.268826 0.123304 0.985261 0.982939
1 174 0.424531 0.756188 0.948159 0.845124
1 175 0.547022 0.687196 0.79013 0.887321
1 176 0.567662 0.425383 0.586624 0.441788
1 177 0.117352 0.651689 0.60297 0.795871
1 178 0.535142 0.510662 0.556852 0.621773
1 179 0.610309 0.373855 0.960994 0.644225
1 180 0.861403 0.0270861 0.894065 0.971832
1 181 0.7448 0.140722 0.895067 0.840731
1 182 0.0152769 0.175771 0.746891 0.21786
1 183 0.193479 0.482179 0.689229 0.903032
1 184 0.0301619 0.438124 0.203342 0.47287
1 185 0.768375 0.638116 0.872659 0.900861
1 186 0.143589 0.63457 0.178949 0.705212
1 187 0.668307 0.42576 0.971177 0.831983
1 188 0.0166026 0.144345 0.0974733 0.616021
1 189 0.108326 0.860274 0.296751 0.929552
1 190 0.114572 0.188838 0.194741 0.543718
1 191 0.38822 0.193843 0.709247 0.378098
1 192 0.337204 0.223668 0.943852 0.818003
1 193 0.432673 0.60847 0.76418 0.9488
1 194 0.630805 0.27114 0.69102 0.959009
1 195 0.252339 0.0307626 0.76112 0.247706
1 196 0.486367 0.790539 0.719628 0.923825
1 197 0.224216 0.431652 0.338401 0.604397
1 198 0.62332 0.177408 0.925157 0.493591
1 199 0.287195 0.0866455 0.704811 0.556946
1 200 0.320915 0.4437 0.545303 0.630944
1 201 0.0890278 0.0741573 0.363705 0.940615
1 202 0.235979 0.484248 0.499213 0.793795
1 203 0.360103 0.175691 0.713393 0.367483
1 204 0.442534 0.408797 0.541793 0.93987
1 205 0.165589 0.0595639 0.361535 0.644844
1 206 0.48622 0.212306 0.992952 0.797748
1 207 0.755831 0.759227 0.815592 0.841818
1 208 0.154208 0.741042 0.56772 0.742611
1 209 0.25489 0.285646 0.646389 0.988765
1 210 0.581821 0.0672885 0.648971 0.71935
1 211 0.717105 0.668158 0.949482 0.855123
1 212 0.670626 0.349553 0.789769 0.763877
1 213 0.317138 0.734774 0.773482 0.963278
1 214 0.107871 0.905771 0.77857 0.907695
1 215 0.154541 0.603244 0.611534 0.876727
1 216 0.333348 0.493431 0.468138 0.681536
1 217 0.654063 0.155836 0.756984 0.852678
1 218 0.0165061 0.126614 0.338605 0.607649
1 219 0.229147 0.159549 0.905682 0.72649
1 220 0.527325 0.3492 0.893283 0.803281
1 221 0.643382 0.588782 0.950089 0.978543
1 222 0.0313954 0.0299754 0.950158 0.806189
1 223 0.843898 0.556876 0.963704 0.875793
1 224 0.179019 0.686013 0.726553 0.739659
1 225 0.410188 0.0310876 0.459966 0.415581
1 226 0.5646 0.0736094 0.644219 0.961355
1 227 0.555723 0.123993 0.733401 0.59691
1 228 0.0969824 0.0513624 0.11664 0.647273
1 229 0.133769 0.627408 0.156889 0.899755
1 230 0.116389 0.119728 0.246603 0.747116
1 231 0.367935 0.503388 0.682352 0.845594
1 232 0.375121 0.0158836 0.50445 0.970152
1 233 0.00077213 0.602749 0.524445 0.8099
1 234 0.111409 0.575261 0.831511 0.637865
1 235 0.121918 0.230656 0.206255 0.574319
1 236 0.687166 0.20781 0.920669 0.925278
1 237 0.307281 0.094956 0.606082 0.668597
1 238 0.625495 0.174121 0.672276 0.810505
1 239 0.512218 0.332461 0.725495 0.683812
1 240 0.499016 0.476506 0.882195 0.869414
1 241 0.194635 0.24115 0.82095 0.909254
1 242 0.00585644 0.595025 0.0693623 0.897134
1 243 0.328648 0.946182 0.374162 0.961327
1 244 0.0284613 0.772492 0.690711 0.936373
1 245 0.130861 0.251489 0.295007 0.777556
1 246 0.356402 0.856211 0.966659 0.873557
1 247 0.0807854 0.0587168 0.133952 0.759739
1 248 0.333634 0.393959 0.884885 0.771305
1 249 0.292276 0.360507 0.81062 0.578606
1 250 0.63506 0.353066 0.992046 0.944172
1 251 0.168514 0.00474114 0.757104 0.128737
1 252 0.10182 0.200706 0.907376 0.737623
1 253 0.425306 0.670591 0.552452 0.856756
1 254 0.0394917 0.00591615 0.128627 0.182528
1 255 0.268708 0.239659 0.81608 0.734433
1 256 0.566839 0.33123 0.691237 0.537398
1 257 0.394343 0.0615407 0.701598 0.435753
1 258 0.499453 0.0654045 0.581193 0.106716
1 259 0.161022 0.0252144 0.164865 0.280987
1 260 0.571428 0.790464 0.782103 0.854298
1 261 0.0883282 0.0988802 0.963122 0.98808
1 262 0.121531 0.994073 0.875009 0.997512
1 263 0.00916801 0.459071 0.803285 0.854488
1 264 0.112018 0.473495 0.791588 0.930301
1 265 0.394332 0.0709057 0.576513 0.105078
1 266 0.297088 0.477012 0.858893 0.632999
1 267 0.790451 0.05205 0.95941 0.336991
1 268 0.325536 0.0517614 0.855058 0.626234
1 269 0.195349 0.165112 0.609675 0.458777
1 270 0.37557 0.594729 0.593252 0.633052
1 271 0.0127328 0.655737 0.258666 0.939529
1 272 0.306857 0.486973 0.837995 0.677475
1 273 0.394717 0.316636 0.791837 0.624337
1 274 0.46477 0.0509922 0.944283 0.24751
1 275 0.455406 0.394906 0.750902 0.551244
1 276 0.194283 0.143481 0.486354 0.150635
1 277 0.0211802 0.399779 0.589189 0.493634
1 278 0.00366924 0.48395 0.12156 0.786295
1 279 0.0790113 0.0245953 0.658581 0.336346
1 280 0.219366 0.0279585 0.957425 0.0489335
1 281 0.345435 0.275459 0.850206 0.868655
1 282 0.740171 0.479652 0.909458 0.798909
1 283 0.485192 0.695739 0.972214 0.946557
1 284 0.244234 0.23382 0.840873 0.965403
1 285 0.28397 0.219123 0.502675 0.311795
1 286 0.682048 0.025307 0.906943 0.492538
1 287 0.323821 0.0558137 0.504024 0.274169
1 288 0.243073 0.174359 0.346066 0.676494
1 289 0.184211 0.0328061 0.46621 0.0508693
1 290 0.335054 0.187658 0.844587 0.329944
1 291 0.592619 0.307146 0.962315 0.47459
1 292 0.333438 0.107942 0.682882 0.149314
1 293 0.163389 0.142744 0.365665 0.239048
1 294 0.297958 0.112653 0.791833 0.937537
1 295 0.14779 0.534745 0.735861 0.798121
1 296 0.417421 0.621054 0.708756 0.773275
1 297 0.47351 0.170244 0.830869 0.183532
1 298 0.0113736 0.0255728 0.84048 0.37102
1 299 0.0733446 0.890146 0.248429 0.996011
1 300 0.339853 0.288023 0.567587 0.573858
1 301 0.274381 0.176323 0.758543 0.944056
1 302 0.829047 0.438443 0.978533 0.758342
1 303 0.39261 0.176978 0.407756 0.606643
1 304 0.081467 0.10368 0.93543 0.288835
1 305 0.0518512 0.298562 0.557059 0.684308
1 306 0.212894 0.694618 0.735921 0.916635
1 307 0.0443615 0.327298 0.734376 0.984388
1 308 0.148 0.450866 0.344772 0.521573
1 309 0.878288 0.00921046 0.93482 0.148798
1 310 0.0281055 0.279974 0.508597 0.740272
1 311 0.371666 0.830829 0.929999 0.860532
1 312 0.208652 0.195339 0.666799 0.855441
1 313 0.335192 0.367671 0.670183 0.993629
1 314 0.139436 0.136747 0.74271 0.850545
1 315 0.196488 0.11612 0.320206 0.788833
1 316 0.573234 0.133647 0.795142 0.680315
1 317 0.0420034 0.293663 0.176684 0.5464
1 318 0.51957 0.232579 0.650761 0.480999
1 319 0.241941 0.265194 0.417403 0.945696
1 320 0.174455 0.1655 0.997455 0.83621
1 321 0.0363049 0.112382 0.876157 0.845525
1 322 0.208016 0.250415 0.504116 0.459305
1 323 0.0627431 0.839782 0.95127 0.858439
1 324 0.179231 0.35423 0.443752 0.887012
1 325 0.362279 0.376409 0.780724 0.55573
1 326 0.67228 0.398098 0.832932 0.513416
1 327 0.418611 0.227788 0.4398 0.504565
1 328 0.380793 0.0193763 0.892555 0.356838
1 329 0.64014 0.361031 0.768728 0.464682
1 330 0.2403 0.197252 0.247324 0.768967
1 331 0.387105 0.664275 0.512215 0.979303
1 332 0.633613 0.252093 0.905619 0.514881
1 333 0.325064 0.111865 0.603919 0.283377
1 334 0.60732 0.061536 0.759412 0.854385
1 335 0.0417098 0.587951 0.165794 0.922018
1 336 0.233198 0.197766 0.822029 0.84093
1 337 0.103701 0.173692 0.50759 0.722963
1 338 0.642676 0.118889 0.763585 0.885689
1 339 0.231053 0.587082 0.928517 0.799109
1 340 0.480756 0.4542 0.884452 0.799751
1 341 0.524725 0.0706485 0.945066 0.379415
1 342 0.452486 0.294241 0.601801 0.54102
1 343 0.184817 0.391085 0.209795 0.438723
1 344 0.20431 0.262105 0.878791 0.724176
1 345 0.00097086 0.328044 0.746757 0.737343
1 346 0.326384 0.763944 0.468609 0.840249
1 347 0.550572 0.0814477 0.742852 0.995177
1 348 0.237645 0.60753 0.918665 0.6638
1 349 0.117281 0.430607 0.387508 0.499706
1 350 0.193368 0.166356 0.913604 0.471767
1 351 0.429278 0.795058 0.558839 0.92159
1 352 0.40002 0.358849 0.964605 0.553262
1 353 0.093751 0.409241 0.832342 0.652904
1 354 0.128618 0.436458 0.782313 0.525159
1 355 0.11757 0.538589 0.292374 0.683629
1 356 0.146898 0.519249 0.540513 0.595704
1 357 0.363214 0.334006 0.747588 0.591103
1 358 0.659267 0.343955 0.730307 0.776853
1 359 0.144619 0.273868 0.238521 0.906009
1 360 0.247193 0.334883 0.424698 0.597819
1 361 0.601426 0.405269 0.996723 0.709403
1 362 0.220815 0.386697 0.341681 0.603493
1 363 0.452095 0.100904 0.820506 0.476625
1 364 0.593093 0.190499 0.842256 0.30124
1 365 0.0723371 0.0177079 0.316376 0.692732
1 366 0.700375 0.794504 0.798514 0.994487
1 367 0.340521 0.39971 0.852685 0.598761
1 368 0.648784 0.153574 0.785272 0.325788
1 369 0.064171 0.0793769 0.654573 0.319829
1 370 0.677485 0.281596 0.873403 0.752124
1 371 0.487949 0.0770881 0.800645 0.996748
1 372 0.160638 0.424877 0.471083 0.44325
1 373 0.652606 0.409506 0.692744 0.56018
1 374 0.0450812 0.152756 0.445262 0.500668
1 375 0.152952 0.186965 0.934266 0.858064
1 376 0.322525 0.650935 0.877779 0.702733
1 377 0.75393 0.444124 0.846434 0.836412
1 378 0.368956 0.359376 0.562911 0.634853
1 379 0.166312 0.00611288 0.277165 0.781595
1 380 0.00872065 0.731721 0.377263 0.750875
1 381 0.383685 0.128482 0.587016 0.174713
1 382 0.425408 0.199653 0.49952 0.740072
1 383 0.254739 0.561347 0.817007 0.587525
1 384 0.685826 0.230263 0.987276 0.716752
1 385 0.555487 0.43708 0.907519 0.90403
1 386 0.176063 0.20996 0.92178 0.663803
1 387 0.388985 0.0528774 0.792125 0.895755
1 388 0.291539 0.35821 0.587348 0.664024
1 389 0.0142247 0.475291 0.496208 0.551642
1 390 0.550328 0.288888 0.686122 0.423325
1 391 0.44147 0.663336 0.777156 0.834866
1 392 0.136105 0.787398 0.175678 0.836821
1 393 0.329559 0.454903 0.349783 0.744312
1 394 0.0790704 0.00944974 0.601215 0.720814
1 395 0.374075 0.208268 0.854833 0.777436
1 396 0.000254245 0.0629797 0.625937 0.900395
1 397 0.061841 0.475449 0.87189 0.784743
1 398 0.534628 0.489506 0.884463 0.922304
1 399 0.845903 0.760867 0.991967 0.820455
1 400 0.658843 0.340302 0.847586 0.930883
1 401 0.342774 0.411041 0.372453 0.705171
1 402 0.551476 0.510912 0.720957 0.536589
1 403 0.0168382 0.693153 0.351577 0.920233
1 404 0.890822 0.762565 0.921906 0.81374
1 405 0.155833 0.646963 0.440607 0.655394
1 406 0.00355452 0.371028 0.0317269 0.936981
1 407 0.0371158 0.820641 0.0587832 0.846291
1 408 0.0177929 0.403891 0.304288 0.602751
1 409 0.206133 0.00938026 0.559356 0.383462
1 410 0.0020558 0.0132827 0.970274 0.50579
1 411 0.0281177 0.297289 0.123065 0.659032
1 412 0.101471 0.0744738 0.595276 0.519542
1 413 0.207785 0.61035 0.89174 0.688389
1 414 0.17065 0.231945 0.373239 0.632954
1 415 0.00355365 0.0497267 0.0755171 0.773736
1 416 0.903494 0.0971246 0.909747 0.960805
1 417 0.536604 0.101215 0.548447 0.453372
1 418 0.130442 0.516513 0.615722 0.729946
1 419 0.139948 0.201775 0.420017 0.511438
1 420 0.489504 0.265201 0.595087 0.279836
1 421 0.169 0.207624 0.17385 0.987847
1 422 0.141808 0.151151 0.806906 0.870109
1 423 0.613149 0.108668 0.689388 0.368833
1 424 0.0751204 0.165542 0.833592 0.635317
1 425 0.233066 0.575906 0.782289 0.750191
1 426 0.208981 0.105147 0.402945 0.246003
1 427 0.617445 0.651869 0.997782 0.707899
1 428 0.316985 0.081638 0.558694 0.668679
1 429 0.875775 0.142101 0.898474 0.841365
1 430 0.34686 0.518601 0.420441 0.866111
1 431 0.23029 0.214982 0.434112 0.296269
1 432 0.137847 0.333749 0.728882 0.629884
1 433 0.785757 0.419558 0.920354 0.975118
1 434 0.0393089 0.335799 0.604063 0.665025
1 435 0.0534087 0.529659 0.873549 0.861041
1 436 0.1199 0.430076 0.557898 0.554104
1 437 0.413621 0.370395 0.420317 0.861042
1 438 0.597807 0.603107 0.722257 0.736822
1 439 0.147592 0.275833 0.697609 0.623244
1 440 0.416454 0.27816 0.883956 0.716662
1 441 0.684654 0.318068 0.847684 0.644772
1 442 0.107584 0.128545 0.686723 0.721052
1 443 0.29962 0.023476 0.892188 0.577323
1 444 0.242122 0.84669 0.250595 0.952638
1 445 0.650389 0.0152256 0.943824 0.89275
1 446 0.00706598 0.478308 0.332655 0.592614
1 447 0.28352 0.194327 0.869165 0.688772
1 448 0.159948 0.0347 0.613578 0.560707
1 449 0.392507 0.314112 0.814235 0.775812
1 450 0.574886 0.230115 0.968288 0.662218
1 451 0.157423 0.625019 0.478107 0.780035
1 452 0.100619 0.0969409 0.371483 0.418987
1 453 0.275164 0.554826 0.319314 0.937879
1 454 0.907344 0.0371096 0.993697 0.460265
1 455 0.390379 0.123783 0.421543 0.56407
1 456 0.206113 0.46263 0.760461 0.952264
1 457 0.123084 0.320867 0.464298 0.501892
1 458 0.130563 0.773604 0.227399 0.959409
1 459 0.470052 0.457116 0.930683 0.740738
1 460 0.76926 0.403872 0.974492 0.470864
1 461 0.229538 0.452454 0.642041 0.924026
1 462 0.330447 0.284465 0.340466 0.840583
1 463 0.336627 0.0328791 0.364082 0.741136
1 464 0.640228 0.94757 0.772936 0.963903
1 465 0.213758 0.205723 0.966917 0.909693
1 466 0.450542 0.360552 0.530878 0.906618
1 467 0.19117 0.264477 0.688794 0.486758
1 468 0.388112 0.548989 0.920029 0.805321
1 469 0.188137 0.0609496 0.997309 0.489709
1 470 0.201901 0.188947 0.276804 0.621298
1 471 0.717007 0.658917 0.813292 0.972269
1 472 0.235592 0.487796 0.571136 0.888455
1 473 0.418941 0.082348 0.920746 0.455655
1 474 0.119652 0.288985 0.416938 0.489399
1 475 0.301305 0.775097 0.69276 0.877102
1 476 0.495487 0.0122292 0.509795 0.140031
1 477 0.18259 0.779257 0.257471 0.806181
1 478 0.423949 0.689243 0.783016 0.749099
1 479 0.0401784 0.339496 0.431258 0.770246
1 480 0.086355 0.522281 0.791168 0.599272
1 481 0.475542 0.00978315 0.68221 0.764746
1 482 0.495116 0.145023 0.95753 0.303822
1 483 0.515316 0.132748 0.900575 0.646349
1 484 0.0586144 0.162675 0.493275 0.667907
1 485 0.400476 0.247539 0.899246 0.649709
1 486 0.338625 0.22332 0.663787 0.293052
1 487 0.474223 0.0211429 0.751485 0.270601
1 488 0.108956 0.378865 0.731014 0.454401
1 489 0.0217165 0.170258 0.0356869 0.739572
1 490 0.0203291 0.4438 0.190724 0.840172
1 491 0.00680408 0.353654 0.732499 0.463412
1 492 0.808386 0.28778 0.840485 0.337258
1 493 0.407783 0.0545747 0.592847 0.250629
1 494 0.841704 0.825163 0.965541 0.85452
1 495 0.621717 0.369255 0.920488 0.53165
1 496 0.107605 0.264521 0.302679 0.822745
1 497 0.0288726 0.515019 0.045741 0.990543
1 498 0.308474 0.46021 0.603557 0.990888
1 499 0.0228205 0.091911 0.570671 0.720625
1 500 0.0554888 0.462562 0.103624 0.956051
1 501 0.594686 0.255207 0.763105 0.621428
1 502 0.355124 0.182427 0.855647 0.930228
1 503 0.0480663 0.303429 0.131433 0.948207
1 504 0.47871 0.0909609 0.915719 0.938937
1 505 0.358026 0.570894 0.480319 0.894349
1 506 0.139444 0.292685 0.521888 0.739528
1 507 0.754244 0.147292 0.948363 0.619504
1 508 0.650039 0.668666 0.70556 0.710356
1 509 0.250792 0.160576 0.716424 0.901083
1 510 0.152937 0.402274 0.468407 0.481196
1 511 0.39447 0.21609 0.918459 0.52105
1 512 0.0111886 0.430526 0.835194 0.79199
1 513 0.563177 0.263341 0.68224 0.425037
1 514 0.288495 0.229968 0.488847 0.960812
1 515 0.940524 0.581624 0.950178 0.687
1 516 0.242039 0.552807 0.997782 0.707476
1 517 0.665882 0.431036 0.937571 0.685798
1 518 0.378428 0.572282 0.380174 0.620676
1 519 0.607804 0.0239299 0.779399 0.832637
1 520 0.216431 0.719189 0.580282 0.930901
1 521 0.213578 0.214387 0.617106 0.299243
1 522 0.127678 0.871924 0.690797 0.880675
1 523 0.492801 0.329484 0.539191 0.836494
1 524 0.0940001 0.682032 0.836517 0.686331
1 525 0.164707 0.050364 0.647706 0.767495
1 526 0.0100959 0.0532995 0.455946 0.484203
1 527 0.0697642 0.319888 0.344543 0.461357
1 528 0.754232 0.22616 0.797233 0.667717
1 529 0.0684795 0.416285 0.764049 0.53477
1 530 0.703031 0.0323342 0.727867 0.168414
1 531 0.0605961 0.103137 0.885821 0.173614
1 532 0.0439634 0.237205 0.0787544 0.953662
1 533 0.242375 0.653144 0.457146 0.808207
1 534 0.162741 0.132605 0.681139 0.653393
1 535 0.311631 0.670413 0.405104 0.78955
1 536 0.159509 0.0101609 0.401857 0.45799
1 537 0.422905 0.16675 0.530755 0.536659
1 538 0.383695 0.442938 0.632859 0.641636
1 539 0.0724677 0.526408 0.168062 0.612179
1 540 0.0174706 0.121131 0.599629 0.569677
1 541 0.400863 0.563648 0.512312 0.592024
1 542 0.14455 0.401629 0.557701 0.769255
1 543 0.357887 0.515796 0.758134 0.747521
1 544 0.369797 0.0965158 0.491541 0.224478
1 545 0.369662 0.380728 0.447571 0.595783
1 546 0.493872 0.142447 0.72764 0.700308
1 547 0.221976 0.0915155 0.871712 0.706249
1 548 0.177116 0.0384587 0.742543 0.22597
1 549 0.235968 0.623822 0.587554 0.777004
1 550 0.33493 0.387572 0.999765 0.805661
1 551 0.56824 0.517785 0.998355 0.649338
1 552 0.526797 0.178282 0.553525 0.320871
1 553 0.21623 0.0871552 0.902047 0.99151
1 554 0.041326 0.117797 0.203289 0.922624
1 555 0.456917 0.266429 0.53264 0.370702
1 556 0.120785 0.497056 0.79091 0.866032
1 557 0.3803 0.964894 0.516233 0.992524
1 558 0.223927 0.502965 0.388049 0.938939
1 559 0.0192401 0.482089 0.2157 0.992802
1 560 0.282343 0.105093 0.739077 0.871871
1 561 0.618186 0.371863 0.852248 0.437292
1 562 0.25038 0.24208 0.716073 0.778258
1 563 0.0418205 0.0732824 0.351112 0.169833
1 564 0.0938699 0.189878 0.496233 0.589332
1 565 0.266852 0.49218 0.996556 0.512491
1 566 0.566209 0.46179 0.829994 0.864967
1 567 0.224555 0.384523 0.799518 0.694834
1 568 0.0677177 0.110132 0.744633 0.539189
1 569 0.468914 0.780509 0.4791 0.855283
1 570 0.441061 0.107097 0.457576 0.861059
1 571 0.114156 0.348031 0.257716 0.963756
1 572 0.235171 0.184309 0.642812 0.411993
1 573 0.584115 0.762732 0.901167 0.82478
1 574 0.130871 0.328971 0.144391 0.39696
1 575 0.63246 0.281409 0.910866 0.981675
1 576 0.717418 0.490369 0.908785 0.998364
1 577 0.658506 0.0985234 0.664852 0.563003
1 578 0.43312 0.437448 0.520275 0.954267
1 579 0.268185 0.625331 0.896951 0.968661
1 580 0.742145 0.0127557 0.763417 0.790268
1 581 0.250083 0.503183 0.263167 0.849529
1 582 0.278846 0.0515961 0.338729 0.495591
1 583 0.700553 0.0485549 0.822898 0.989567
1 584 0.121946 0.22983 0.850576 0.636589
1 585 0.134008 0.667913 0.865512 0.712217
1 586 0.405377 0.350256 0.6281 0.664162
1 587 0.733609 0.401288 0.961335 0.478252
1 588 0.0240081 0.188178 0.937417 0.383145
1 589 0.127101 0.766153 0.716596 0.807949
1 590 0.16915 0.271363 0.777998 0.931942
1 591 0.245176 0.191189 0.431856 0.833542
1 592 0.658529 0.0829293 0.900165 0.954555
1 593 0.202674 0.524083 0.435583 0.696849
1 594 0.594874 0.484337 0.847496 0.59833
1 595 0.155294 0.249802 0.869756 0.770662
1 596 0.0106109 0.220384 0.50345 0.978257
1 597 0.928247 0.0415609 0.940702 0.425271
1 598 0.69616 0.262678 0.942798 0.738878
1 599 0.0059511 0.112024 0.998256 0.757143
1 600 0.309916 0.189305 0.411734 0.600841
1 601 0.137344 0.1898 0.345982 0.692816
1 602 0.265872 0.351282 0.848958 0.736075
1 603 0.837895 0.0107069 0.926219 0.982624
1 604 0.567558 0.83922 0.736162 0.874951
1 605 0.442247 0.337134 0.980982 0.45358
1 606 0.32968 0.578957 0.604946 0.868268
1 607 0.691058 0.2801 0.852653 0.920431
1 608 0.111677 0.611128 0.318201 0.647901
1 609 0.0862943 0.651533 0.292815 0.804557
1 610 0.300342 0.912631 0.36738 0.986804
1 611 0.657332 0.277953 0.757071 0.722671
1 612 0.623399 0.284533 0.881184 0.864652
1 613 0.260899 0.7694 0.263035 0.973207
1 614 0.352905 0.101311 0.925519 0.359891
1 615 0.18564 0.398379 0.383579 0.728297
1 616 0.245031 0.255312 0.610719 0.64721
1 617 0.113625 0.392293 0.370913 0.944117
1 618 0.0652436 0.580139 0.205933 0.739387
1 619 0.182325 0.684005 0.483471 0.927182
1 620 0.142321 0.581316 0.41493 0.890102
1 621 0.0342891 0.550547 0.273922 0.587339
1 622 0.475211 0.596427 0.498372 0.915213
1 623 0.326269 0.0293727 0.904745 0.239812
1 624 0.682808 0.256752 0.835355 0.387443
1 625 0.241949 0.0748775 0.440382 0.848892
1 626 0.43131 0.238412 0.908749 0.803198
1 627 0.187552 0.227293 0.447545 0.712433
1 628 0.102823 0.0189802 0.368708 0.164539
1 629 0.0260017 0.400024 0.138864 0.480927
1 630 0.534923 0.0478309 0.623998 0.611829
1 631 0.783439 0.572361 0.859525 0.76504
1 632 0.298855 0.489341 0.696635 0.688941
1 633 0.806688 0.218345 0.876863 0.895203
1 634 0.469723 0.159025 0.57602 0.871749
1 635 0.0917589 0.86543 0.95892 0.999944
1 636 0.37774 0.62773 0.82181 0.957836
1 637 0.518481 0.859076 0.543078 0.865738
1 638 0.217614 0.0804798 0.888155 0.438662
1 639 0.173183 0.278772 0.241616 0.962762
1 640 0.0925951 0.460688 0.116248 0.978534
1 641 0.844698 0.209551 0.98277 0.365879
1 642 0.653313 0.39577 0.994896 0.919249
1 643 0.626559 0.584505 0.755856 0.70482
1 644 0.0975878 0.742069 0.981585 0.959569
1 645 0.401373 0.495356 0.665968 0.824395
1 646 0.0705454 0.491295 0.764684 0.639257
1 647 0.156651 0.83206 0.473075 0.912749
1 648 0.552435 0.301719 0.723213 0.933548
1 649 0.0331917 0.109179 0.54355 0.712397
1 650 0.296985 0.489797 0.351461 0.701335
1 651 0.0823973 0.441768 0.834542 0.989757
1 652 0.0720218 0.00402895 0.275715 0.866423
1 653 0.247149 0.682491 0.823329 0.868503
1 654 0.386358 0.327478 0.669377 0.421377
1 655 0.0829933 0.0831798 0.184333 0.571524
1 656 0.458587 0.0675631 0.474953 0.978585
1 657 0.000314283 0.162632 0.707593 0.901233
1 658 0.239016 0.0349893 0.522154 0.809633
1 659 0.229077 0.283162 0.549143 0.88326
1 660 0.0886299 0.259883 0.637468 0.740179
1 661 0.696716 0.571063 0.994883 0.594452
1 662 0.689613 0.562696 0.731302 0.98278
1 663 0.0723985 0.772533 0.999397 0.780689
1 664 0.667759 0.487239 0.866799 0.497572
1 665 0.284671 0.310503 0.912509 0.54969
1 666 0.194461 0.469029 0.513392 0.914682
1 667 0.28806 0.0710798 0.605373 0.32671
1 668 0.40325 0.191071 0.669735 0.295555
1 669 0.434848 0.750995 0.957313 0.936859
1 670 0.489794 0.0779261 0.618001 0.146402
1 671 0.267431 0.0683331 0.598038 0.997913
1 672 0.687274 0.186517 0.92239 0.736686
1 673 0.874395 0.216505 0.92718 0.333333
1 674 0.899352 0.401661 0.930714 0.885738
1 675 0.412357 0.143089 0.491805 0.329513
1 676 0.323691 0.0594098 0.785982 0.737812
1 677 0.334683 0.105337 0.443533 0.519671
1 678 0.822737 0.554759 0.892544 0.997142
1 679 0.14687 0.25058 0.160808 0.421372
1 680 0.479503 0.155535 0.524065 0.626599
1 681 0.596213 0.0310782 0.739114 0.446812
1 682 0.0262911 0.0773638 0.49684 0.190218
1 683 0.149229 0.725441 0.873674 0.908532
1 684 0.257577 0.266446 0.95739 0.4503
1 685 0.517558 0.355467 0.58194 0.604935
1 686 0.635702 0.199526 0.847278 0.601894
1 687 0.357346 0.236193 0.741564 0.812082
1 688 0.758268 0.348547 0.821599 0.636648
1 689 0.779011 0.355443 0.862631 0.653287
1 690 0.605622 0.636607 0.884473 0.908633
1 691 0.354258 0.705698 0.480622 0.807474
1 692 0.00188704 0.101705 0.288605 0.157147
1 693 0.386657 0.139204 0.557161 0.79769
1 694 0.0252295 0.550973 0.805089 0.56008
1 695 0.813076 0.100782 0.817213 0.858667
1 696 0.0641983 0.374415 0.432296 0.702319
1 697 0.44007 0.485914 0.81967 0.842678
1 698 0.0167212 0.135558 0.799279 0.405119
1 699 0.0706372 0.730061 0.974546 0.930613
1 700 0.347973 0.499639 0.348336 0.741333
1 701 0.047237 0.39762 0.0795374 0.731248
1 702 0.443064 0.843773 0.77292 0.912422
1 703 0.299366 0.301625 0.778986 0.379984
1 704 0.376942 0.641009 0.674547 0.862898
1 705 0.863151 0.316265 0.924079 0.720906
1 706 0.121946 0.420315 0.740541 0.557522
1 707 0.220025 0.239732 0.951179 0.876574
1 708 0.54855 0.60256 0.708277 0.920823
1 709 0.387473 0.0777372 0.389302 0.725637
1 710 0.484816 0.0851984 0.832851 0.250609
1 711 0.0396923 0.210401 0.905471 0.757039
1 712 0.0186713 0.0429685 0.0803976 0.519808
1 713 0.0252242 0.0940409 0.912554 0.434259
1 714 0.326354 0.595574 0.656336 0.807097
1 715 0.0277177 0.225729 0.152683 0.792697
1 716 0.0798962 0.194678 0.257148 0.717673
1 717 0.631004 0.691928 0.98437 0.87841
1 718 0.573473 0.0523734 0.958652 0.820442
1 719 0.472304 0.749233 0.57141 0.800679
1 720 0.314699 0.0718802 0.721322 0.436604
1 721 0.499684 0.411736 0.794423 0.747953
1 722 0.0632071 0.363071 0.993252 0.752504
1 723 0.259389 0.435601 0.81397 0.816584
1 724 0.0984368 0.359169 0.890651 0.368159
1 725 0.445205 0.457838 0.987708 0.863992
1 726 0.154011 0.889541 0.641549 0.939039
1 727 0.401125 0.0133832 0.527531 0.17168
1 728 0.397344 0.0879527 0.961055 0.741529
1 729 0.287399 0.322234 0.468898 0.889494
1 730 0.205259 0.210396 0.640631 0.307486
1 731 0.423045 0.562728 0.989134 0.574113
1 732 0.221885 0.397973 0.947185 0.63424
1 733 0.351515 0.513137 0.407971 0.947261
1 734 0.851171 0.228338 0.873123 0.803086
1 735 0.264122 0.269029 0.508215 0.964811
1 736 0.888569 0.272185 0.899979 0.413637
1 737 0.311174 0.738811 0.374224 0.896535
1 738 0.269343 0.310289 0.901819 0.562135
1 739 0.242516 0.468556 0.551651 0.68358
1 740 0.191244 0.163251 0.833025 0.367428
1 741 0.139834 0.57265 0.591375 0.843814
1 742 0.382622 0.0412607 0.693158 0.477958
1 743 0.814072 0.202622 0.872076 0.580395
1 744 0.355911 0.0598098 0.616506 0.45171
1 745 0.752591 0.0815744 0.989771 0.50737
1 746 0.341603 0.216064 0.565096 0.262088
1 747 0.0780594 0.800472 0.192783 0.903272
1 748 0.322738 0.472018 0.927858 0.653539
1 749 0.341464 0.0663369 0.810341 0.38844
1 750 0.572397 0.0281035 0.957509 0.267939
1 751 0.649044 0.121203 0.838146 0.183965
1 752 0.00217314 0.182809 0.745038 0.598154
1 753 0.433418 0.801381 0.988865 0.962999
1 754 0.856274 0.32852 0.941361 0.930303
1 755 0.105313 0.0239945 0.606941 0.903777
1 756 0.75805 0.329307 0.762356 0.812984
1 757 0.24362 0.376382 0.50588 0.393558
1 758 0.0320397 0.38569 0.758577 0.6172
1 759 0.954506 0.17364 0.955738 0.684057
1 760 0.155459 0.34185 0.823874 0.59755
1 761 0.40378 0.00805447 0.880167 0.493963
1 762 0.460286 0.00179875 0.636302 0.763944
1 763 0.163128 0.129291 0.953487 0.405031
1 764 0.0387866 0.567346 0.941809 0.649097
1 765 0.66844 0.202604 0.960793 0.66838
1 766 0.23955 0.628275 0.768308 0.874183
1 767 0.302085 0.305576 0.962981 0.515367
1 768 0.334017 0.686051 0.638638 0.811429
1 769 0.0304592 0.741486 0.844243 0.953359
1 770 0.480552 0.795939 0.540211 0.79864
1 771 0.899367 0.275684 0.965879 0.414449
1 772 0.360971 0.192589 0.460058 0.652689
1 773 0.151764 0.541901 0.768416 0.713121
1 774 0.198741 0.588184 0.321072 0.789791
1 775 0.0480548 0.394558 0.490925 0.780777
1 776 0.671686 0.304081 0.775403 0.98578
1 777 0.513057 0.0632275 0.837579 0.418422
1 778 0.171573 0.0540558 0.857772 0.162173
1 779 0.266073 0.353445 0.656757 0.586814
1 780 0.352692 0.163154 0.560574 0.440232
1 781 0.255495 0.386424 0.363092 0.983526
1 782 0.940218 0.120291 0.975261 0.225825
1 783 0.0927855 0.633477 0.852009 0.684144
1 784 0.411032 0.0595642 0.67645 0.838311
1 785 0.320592 0.79749 0.47147 0.931764
1 786 0.336049 0.507716 0.585177 0.714038
1 787 0.447307 0.35335 0.535673 0.815481
1 788 0.107408 0.482811 0.412206 0.539589
1 789 0.156261 0.044852 0.469653 0.821367
1 790 0.127787 0.22094 0.289737 0.363016
1 791 0.0519769 0.687122 0.862049 0.729023
1 792 0.664892 0.577991 0.99792 0.658272
1 793 0.577949 0.519199 0.636378 0.784623
1 794 0.0697251 0.340205 0.683305 0.641175
1 795 0.209856 0.745289 0.349269 0.853585
1 796 0.473173 0.190402 0.599303 0.94434
1 797 0.19711 0.558191 0.785188 0.579478
1 798 0.229578 0.263171 0.355908 0.706838
1 799 0.111864 0.35828 0.423572 0.946924
1 800 0.751349 0.646737 0.964358 0.657226
1 801 0.367311 0.469335 0.906618 0.661881
1 802 0.215134 0.253696 0.362322 0.463857
1 803 0.407249 0.402494 0.613452 0.42869
1 804 0.0812714 0.100306 0.942764 0.581152
1 805 0.0934584 0.285021 0.201869 0.866399
1 806 0.4605 0.0270113 0.878764 0.212298
1 807 0.197165 0.172781 0.24172 0.745673
1 808 0.389218 0.360686 0.433049 0.738287
1 809 0.0354879 0.449257 0.634451 0.597173
1 810 0.0816334 0.040324 0.920297 0.951737
1 811 0.199019 0.36699 0.375636 0.55528
1 812 0.0410593 0.360768 0.725163 0.623331
1 813 0.477804 0.192404 0.886314 0.374433
1 814 0.092171 0.24567 0.210761 0.8069
1 815 0.405475 0.00451654 0.719016 0.256869
1 816 0.147233 0.284901 0.274975 0.412364
1 817 0.506336 0.529811 0.73441 0.902265
1 818 0.772934 0.157167 0.794648 0.450052
1 819 0.00951099 0.578668 0.182758 0.922692
1 820 0.213739 0.145493 0.407283 0.335185
1 821 0.391869 0.179321 0.606851 0.964219
1 822 0.554442 0.0672224 0.914422 0.912171
1 823 0.36008 0.385957 0.377025 0.536898
1 824 0.0200248 0.0969637 0.199285 0.398801
1 825 0.0804666 0.788747 0.675643 0.857187
1 826 0.0654529 0.11598 0.88306 0.805136
1 827 0.686642 0.252675 0.794645 0.673793
1 828 0.0176778 0.0609052 0.8834 0.864768
1 829 0.312253 0.0597651 0.722564 0.378729
1 830 0.038893 0.579364 0.143273 0.816192
1 831 0.121011 0.446969 0.165089 0.678719
1 832 0.311245 0.748303 0.840938 0.871096
1 833 0.166112 0.423972 0.238412 0.813593
1 834 0.137619 0.0117682 0.833775 0.565155
1 835 0.643468 0.484269 0.859892 0.99525
1 836 0.122911 0.435008 0.917698 0.8191
1 837 0.0424973 0.86697 0.501264 0.925183
1 838 0.537528 0.575836 0.907898 0.718507
1 839 0.0674115 0.504165 0.243059 0.812173
1 840 0.204092 0.602537 0.73125 0.889662
1 841 0.383876 0.427194 0.592024 0.526796
1 842 0.659234 0.217926 0.79614 0.428337
1 843 0.655333 0.0326749 0.881473 0.567874
1 844 0.0916328 0.278666 0.705017 0.831024
1 845 0.0206508 0.755296 0.217243 0.848371
1 846 0.169492 0.479885 0.374286 0.532066
1 847 0.290822 0.0538293 0.698424 0.239778
1 848 0.0513086 0.0433258 0.11929 0.529146
1 849 0.00239925 0.242151 0.737153 0.292275
1 850 0.891381 0.318245 0.980907 0.868406
1 851 0.217542 0.407139 0.56713 0.753812
1 852 0.56672 0.183041 0.953869 0.853964
1 853 0.383904 0.895376 0.687297 0.99977
1 854 0.421941 0.160482 0.568332 0.706475
1 855 0.310777 0.218959 0.386439 0.657476
1 856 0.0014254 0.456338 0.0273347 0.795686
1 857 0.183662 0.508754 0.83384 0.785338
1 858 0.379555 0.50645 0.447641 0.706531
1 859 0.0946607 0.266775 0.933459 0.509022
1 860 0.236854 0.663586 0.263179 0.674199
1 861 0.173553 0.571715 0.861718 0.593289
1 862 0.129638 0.789434 0.661923 0.92441
1 863 0.245572 0.195538 0.760392 0.915209
1 864 0.0931581 0.417877 0.408488 0.501588
1 865 0.0787509 0.592748 0.374345 0.904318
1 866 0.651253 0.21093 0.707968 0.872167
1 867 0.609627 0.0694944 0.615494 0.085722
1 868 0.124939 0.266427 0.24603 0.324801
1 869 0.435758 0.588874 0.714808 0.941469
1 870 0.365375 0.151057 0.668526 0.259534
1 871 0.39426 0.145989 0.735963 0.869371
1 872 0.323322 0.515633 0.901091 0.671923
1 873 0.40433 0.754292 0.570603 0.763927
1 874 0.0925461 0.504854 0.970158 0.792548
1 875 0.496537 0.62861 0.557923 0.866227
1 876 0.269945 0.338596 0.330312 0.499792
1 877 0.115709 0.00325929 0.537298 0.155162
1 878 0.37054 0.27727 0.418917 0.923057
1 879 0.212259 0.214405 0.607274 0.652559
1 880 0.165415 0.421542 0.70278 0.863091
1 881 0.536424 0.252581 0.919681 0.541613
1 882 0.322486 0.349234 0.706183 0.363321
1 883 0.604743 0.161546 0.800311 0.743743
1 884 0.0114803 0.536282 0.0269383 0.894343
1 885 0.1196 0.440617 0.256267 0.546544
1 886 0.130227 0.482653 0.21271 0.524394
1 887 0.734829 0.302769 0.960395 0.72138
1 888 0.441929 0.62699 0.661124 0.983091
1 889 0.43684 0.584711 0.631908 0.978756
1 890 0.000575589 0.303619 0.606033 0.865587
1 891 0.307223 0.340702 0.503364 0.540073
1 892 0.0123945 0.692417 0.530353 0.849698
1 893 0.41742 0.0873085 0.90957 0.647433
1 894 0.0928658 0.664868 0.645648 0.980517
1 895 0.222644 0.363194 0.810047 0.927315
1 896 0.00958529 0.696908 0.121657 0.756978
1 897 0.379917 0.549364 0.953995 0.846093
1 898 0.314567 0.143799 0.672003 0.390011
1 899 0.876479 0.163059 0.952967 0.643637
1 900 0.30763 0.66617 0.363098 0.680257
1 901 0.138001 0.553414 0.323301 0.644825
1 902 0.112694 0.148626 0.534393 0.795836
1 903 0.27805 0.0338804 0.710957 0.78292
1 904 0.360615 0.321817 0.430173 0.558418
1 905 0.0498426 0.56612 0.816894 0.942578
1 906 0.714771 0.521311 0.886797 0.63319
1 907 0.0620911 0.6844 0.307897 0.821942
1 908 0.136261 0.29253 0.30751 0.564629
1 909 0.309453 0.148949 0.339196 0.692385
1 910 0.0669446 0.354226 0.486891 0.431555
1 911 0.108577 0.204483 0.167251 0.337683
1 912 0.312494 0.169056 0.916878 0.606129
1 913 0.141402 0.314764 0.675539 0.563321
1 914 0.428731 0.204976 0.921559 0.526046
1 915 0.218437 0.0708893 0.742666 0.755765
1 916 0.199117 0.689653 0.98214 0.742985
1 917 0.19562 0.816563 0.641333 0.854521
1 918 0.474006 0.432601 0.792089 0.6226
1 919 0.0599417 0.565988 0.217678 0.60843
1 920 0.208652 0.0283474 0.939885 0.0300521
1 921 0.0471337 0.387023 0.957494 0.74415
1 922 0.129764 0.201904 0.510373 0.396822
1 923 0.0771167 0.346728 0.890974 0.916306
1 924 0.628973 0.100794 0.775923 0.843889
1 925 0.186711 0.509983 0.223942 0.893771
1 926 0.142955 0.0989788 0.598585 0.409978
1 927 0.148859 0.333679 0.466338 0.375712
1 928 0.20763 0.0224118 0.410571 0.0365216
1 929 0.231199 0.515627 0.520203 0.717907
1 930 0.277316 0.00290919 0.973247 0.423719
1 931 0.025678 0.246692 0.728188 0.376529
1 932 0.137702 0.662357 0.675692 0.949068
1 933 0.058717 0.24959 0.685781 0.670123
1 934 0.104673 0.225296 0.132015 0.328455
1 935 0.364971 0.698603 0.7896 0.790745
1 936 0.514199 0.363374 0.947282 0.691721
1 937 0.538771 0.141317 0.868025 0.821879
1 938 0.384271 0.370958 0.632453 0.958576
1 939 0.087043 0.807301 0.698412 0.922945
1 940 0.0338834 0.0545668 0.293556 0.439637
1 941 0.268126 0.298841 0.684489 0.708547
1 942 0.0308092 0.0265846 0.744898 0.914327
1 943 0.558495 0.382168 0.902617 0.418288
1 944 0.267942 0.0926862 0.941896 0.885677
1 945 0.0190897 0.276262 0.550918 0.897858
1 946 0.373257 0.67449 0.960197 0.719731
1 947 0.0261696 0.293641 0.659648 0.870782
1 948 0.503485 0.735123 0.701516 0.923385
1 949 0.891561 0.130359 0.94135 0.26593
1 950 0.438076 0.409373 0.501463 0.96523
1 951 0.31578 0.339615 0.38325 0.669707
1 952 0.701366 0.318162 0.927153 0.963204
1 953 0.219419 0.0918069 0.78754 0.756951
1 954 0.142208 0.131168 0.33733 0.488517
1 955 0.0395455 0.436295 0.191435 0.60813
1 956 0.498912 0.381581 0.728014 0.617412
1 957 0.152002 0.400334 0.854788 0.678754
1 958 0.195221 0.331818 0.780114 0.702286
1 959 0.227957 0.381907 0.748197 0.856681
1 960 0.0675436 0.00822431 0.744789 0.961704
1 961 0.0432728 0.129361 0.219387 0.810303
1 962 0.332791 0.37838 0.429517 0.893067
1 963 0.0302504 0.235598 0.262229 0.611807
1 964 0.200582 0.274123 0.75229 0.454429
1 965 0.604292 0.210174 0.649871 0.712592
1 966 0.295651 0.0798773 0.930558 0.930272
1 967 0.498209 0.120203 0.63583 0.461393
1 968 0.0144287 0.0231545 0.837288 0.77602
1 969 0.366612 0.170255 0.602272 0.829916
1 970 0.0656079 0.227766 0.416939 0.422167
1 971 0.227578 0.303975 0.497535 0.964222
1 972 0.226845 0.561061 0.820687 0.970397
1 973 0.136551 0.06531 0.907238 0.503508
1 974 0.911406 0.240797 0.969886 0.414537
1 975 0.270934 0.328575 0.712439 0.527533
1 976 0.403274 0.130398 0.665859 0.503299
1 977 0.0965985 0.729917 0.750567 0.874213
1 978 0.856615 0.635281 0.863089 0.637615
1 979 0.321967 0.543023 0.878051 0.574542
1 980 0.175397 0.515506 0.50179 0.865051
1 981 0.425917 0.0184725 0.833008 0.604054
1 982 0.446452 0.21349 0.599658 0.635084
1 983 0.0218618 0.225342 0.962845 0.671753
1 984 0.196568 0.156716 0.629197 0.815075
1 985 0.152276 0.652118 0.254817 0.902594
1 986 0.218741 0.184365 0.718688 0.287559
1 987 0.197237 0.353742 0.785807 0.905778
1 988 0.329665 0.33138 0.646887 0.687157
1 989 0.249648 0.399493 0.868627 0.731797
1 990 0.244708 0.44221 0.888562 0.731428
1 991 0.471113 0.158754 0.903376 0.229823
1 992 0.229692 0.22625 0.668841 0.40749
1 993 0.40418 0.92014 0.935754 0.962129
1 994 0.560919 0.524879 0.848489 0.878111
1 995 0.820739 0.126371 0.837712 0.461329
1 996 0.771543 0.327285 0.814418 0.775964
1 997 0.542004 0.0867372 0.750271 0.265286
1 998 0.00656661 0.234479 0.566887 0.777259
1 999 0.0535618 0.0092529 0.682856 0.225294